4294967278,212
4294967279,518
4294967279,211
4294967278,210
4294967279,210
4294967278,209
4294967294,18
4294967294,20
4294967294,13
4294967278,208
4294967278,207
4294967278,206
4294967278,132
4294967278,131
4294967278,130
4294967278,129
4294967278,128
4294967278,127
4294967278,126
4294967278,125
4294967278,124
4294967278,123
4294967278,122
4294967278,121
4294967278,120
4294967278,119
4294967278,118
4294967278,117
4294967278,116
4294967278,115
4294967278,114
4294967278,113
4294967278,112
4294967278,111
4294967278,110
4294967278,109
4294967278,108
4294967278,107
4294967278,106
4294967278,105
4294967278,104
4294967278,103
4294967278,102
4294967278,101
4294967278,100
4294967278,99
4294967278,98
4294967278,97
4294967278,96
4294967278,95
4294967278,94
4294967278,93
4294967278,329
4294967278,328
4294967278,89
4294967278,87
4294967278,86
4294967278,85
4294967278,84
4294967278,83
4294967278,82
4294967278,81
4294967278,80
4294967278,79
4294967278,78
4294967278,77
4294967278,76
4294967278,75
4294967278,74
4294967278,73
4294967278,71
4294967278,70
4294967278,69
4294967278,68
4294967278,67
4294967278,63
4294967278,61
4294967278,60
4294967278,59
4294967278,58
4294967278,56
4294967278,55
4294967278,54
4294967278,53
4294967278,52
4294967278,51
4294967278,49
4294967278,45
4294967278,44
4294967278,43
4294967278,42
4294967278,40
4294967279,29
4294967279,24
4294967279,20
4294967279,14
4294967279,9
4294967279,8
4294967294,30
4294967294,941
4294967294,436
4294967294,830
4294967294,828
4294967294,60
4294967278,92
4294967279,557
4294967278,91
4294967278,365
4294967278,90
4294967279,195
4294967279,194
4294967278,192
4294967278,191
4294967278,190
4294967279,190
4294967278,189
4294967279,186
4294967278,72
4294967278,320
4294967279,314
4294967278,183
4294967294,2
4294967294,424
4294967294,46
4294967294,437
4294967294,82
4294967294,0
4294967294,41
4294967278,66
4294967278,314
4294967278,57
4294967294,81
4294967294,91
4294967294,90
4294967294,87
4294967294,86
4294967294,85
4294967294,84
4294967279,308
4294967278,65
4294967278,313
4294967294,42
4294967279,178
4294967279,307
4294967278,64
4294967278,312
4294967279,177
4294967278,176
4294967294,38
4294967294,37
4294967294,36
4294967294,39
4294967294,1419
4294967294,45
4294967294,427
4294967294,44
4294967294,53
4294967294,950
4294967294,419
4294967294,949
4294967294,29
4294967294,921
4294967294,28
4294967294,920
4294967294,27
4294967279,176
4294967279,305
4294967278,62
4294967278,310
4294967278,172
4294967294,94
4294967294,96
4294967278,169
4294967278,171
37,5
37,4
37,3
37,2
37,1
4294967278,307
4294967294,9
4294967279,170
4294967294,8
4294967294,22
4294967278,168
4294967278,167
4294967279,556
4294967278,166
4294967279,166
4294967278,165
4294967278,164
4294967279,164
35,4
4294967278,163
35,3
35,2
35,1
4294967278,364
4294967278,50
4294967294,470
4294967279,163
4294967278,162
4294967279,162
4294967278,47
4294967278,159
4294967294,471
4294967294,51
4294967294,52
4294967279,161
4294967278,363
4294967278,48
4294967278,299
4294967279,160
34,6
4294967294,83
4294967279,298
4294967279,157
4294967294,170
4294967294,401
4294967294,162
4294967294,898
4294967278,46
4294967278,158
4294967278,298
4294967279,555
4294967279,0
4294967279,156
4294967278,157
34,5
4294967279,155
4294967294,7
4294967278,155
4294967294,6
4294967279,154
34,4
4294967278,154
34,3
34,2
34,1
4294967278,362
4294967278,41
4294967279,153
4294967279,152
4294967278,150
4294967279,151
4294967279,150
33,5
4294967278,149
4294967279,148
4294967278,148
33,4
4294967279,147
33,3
33,2
33,1
4294967278,147
4294967279,146
4294967278,146
4294967278,304
4294967279,26
4294967294,469
4294967294,417
4294967279,297
4294967279,141
32,5
32,4
32,3
32,2
32,1
4294967279,137
4294967278,137
4294967279,285
4294967279,22
4294967278,361
4294967279,554
4294967279,283
31,5
31,4
31,3
31,2
31,1
4294967278,275
4294967279,553
4294967279,17
4294967278,272
4294967278,283
4294967279,12
4294967279,263
4294967279,294
4294967278,267
4294967294,17
4294967279,10
4294967279,259
4294967278,280
29,4
4294967278,264
29,3
29,2
29,1
4294967278,263
4294967294,473
4294967278,285
4294967279,7
4294967294,5
4294967278,360
4294967279,6
4294967279,5
4294967278,259
4294967279,4
4294967279,293
4294967278,359
4294967279,552
4294967294,387
4294967294,1417
4294967294,1418
4294967278,358
4294967279,551
4294967294,50
4294967294,946
4294967294,26
4294967294,1416
4294967294,43
4294967294,25
4294967278,357
4294967278,256
4294967279,550
4294967294,93
4294967294,95
4294967294,942
4294967294,939
4294967294,938
4294967294,933
4294967294,922
4294967294,829
4294967294,827
4294967294,92
4294967294,88
4294967294,12
